000000000000000000000000000000000000000000000000000000000000000000000000000000000000000000000000000000000000000000000000000000000000000000000000000000
000000000000000000000000000000000000000000000000000111000000000000110000000000000000000000000000000000000000000000000000000000000001110000000000000000
000000000001111111111100011111111111000011110000111111111000001111111111000011111000011100001111111111100111111111110000111100001111111110000000000000
000000000001111111111110011111111111100011110001111111111100011111111111100011111100011100001111111111000111111111111000111100011111111111000000000000
000000000001111000011110011110000111100011110001111000011110011110000111100011111100011100001111000000000111100001111000011000011110001111000000000000
000000000001111000011110011110000111100011110001111100000000011110000111100011111110011100001111000000000111100001111000010000011110000000000000000000
000000000001111000011110011110000111100011110000111110000000011110000111100011111110011100001111000000000111100001111000000000011111100000000000000000
000000000001111101111110011111111111000011110000011111100000011110000111100011110111011100001111111110000111111111110000000000000111111000000000000000
000000000001111111111100011111111111000011110000000111111000011110000111100011110111111100001111111110000111111111110000000000000001111110000000000000
000000000001111100000000011110001111100011110000000001111100011110000111100011110011111100001111000000000111100011111000000000000000011111000000000000
000000000001111000000000011110000111100011110001111000111110011110000111100011110011111100011111000000000111100001111000000000111100001111000000000000
000000000001111000000000011110000111100011110001111000111110011110000111100011110001111100001111000000000111100001111000000000111110001111000000000000
000000000001111000000000011110000111100011110001111111111100011111111111000011110001111100001111111111000111100001111000000000011111111111000000000000
000000000001111000000000011110000111100011110000111111111000000111111110000011110000111100001111111111100111100001111000000000001111111110000000000000
000000000000000000000000000000000000000000000000000000000000000000000000000000000000000000000000000000000000000000000000000000000000000000000000000000
000000000000000000000000000000000000000000000000000000000000000000000000000000000000000000000000000000000000000000000000000000000000000000000000000000
000000000000000000000000000000000000000000000000000000000000000000000000000000000000000000000000000000000000000000000000000000000000000000000000000000
000000000000000000000000111111111110000011110001111000000001111111111100011111100000111111000111111000001111100000011111110000000000000000000000000000
000000000000000000000000111111111111000111110001111000000001111111111100011111100001111111000111111000011111110000011111110000000000000000000000000000
000000000000000000000000111110001111100111110001111000000001111100000000011111110001111111000111111000011111110000011111110000000000000000000000000000
000000000000000000000000111110001111100111110001111000000001111100000000011111110001111111000111111100011111100000111111111000000000000000000000000000
000000000000000000000000111110001111100011110001111000000001111100000000011111110001111111000111111100111111100000111101111000000000000000000000000000
000000000000000000000000111110001111100111110001111000000001111111111000011111111011111111000111111100111111100000111101111000000000000000000000000000
000000000000000000000000111110001111100011110001111000000001111111111000011111111011101111000111111110111111110001111000111100000000000000000000000000
000000000000000000000000111110001111100011110001111000000001111100000000011110111011101111000111011111111111110001111000111100000000000000000000000000
000000000000000000000000111110001111100011110001111000000001111100000000011110111111001111000111101111110111100001111111111100000000000000000000000000
000000000000000000000000111110001111100011110001111000000001111100000000011110111111001111000111101111110111100001111111111110000000000000000000000000
000000000000000000000000111111111111000111110001111111111001111111111100011110011111001111000111001111110111110011110000011110000000000000000000000000
000000000000000000000000111111111110000011110001111111111001111111111100011110011110001111000111100111100111110011110000011110000000000000000000000000
000000000000000000000000000000000000000000000000000000000000000000000000000000000000000000000000000000000000000000000000000000000000000000000000000000
000000000000000000000000000000000000000000000000000000000000000000000000000000000000000000000000000000000000000000000000000000000000000000000000000000
